matrix of shape (3, 2) with uniform random values [0,1]:
A = [0.131538, 0.45865]
    [0.218959, 0.678865]
    [0.934693, 0.519416]

QR factorization of A:
Q = [0.135751, 0.552778]
    [0.225972, 0.79073]
    [0.964629, -0.263026]
R = [0.968967, 0.71671]
    [0, 0.65371]

Check if Q^TQ = I:
Q^TQ ?= I : 1
QR ?= A : 1


A = [0.0345721, 0.5297, 0.00769819, 0.0668422]
    [0.930436, 0.526929, 0.653919, 0.701191]
    [0.0474645, 0.328234, 0.75641, 0.365339]
    [0.753356, 0.0726859, 0.884707, 0.436411]
b = [0.686773]
    [0.762198]
    [0.98255]
    [0.477732]
Solution to system of linear equations Ax = b is:
x = [-0.36283]
    [1.33717]
    [0.853882]
    [-0.232709]
Ax = [0.686773]
     [0.762198]
     [0.98255]
     [0.477732]
Ax ?= b : 1



Inverse of A:
A = [0.0345721, 0.5297, 0.00769819, 0.0668422]
    [0.930436, 0.526929, 0.653919, 0.701191]
    [0.0474645, 0.328234, 0.75641, 0.365339]
    [0.753356, 0.0726859, 0.884707, 0.436411]
B = [1.07842, -0.215773, -1.76052, 1.65532]
    [2.30276, -0.386184, -0.133687, 0.379706]
    [0.837082, -1.43048, 0.570778, 1.69235]
    [-3.94212, 3.33671, 1.90426, -4.0601]
AB ?= I : 1



